name: energy-ml
channels:
  - defaults
dependencies:
  - bzip2=1.0.8
  - ca-certificates=2025.12.2
  - expat=2.7.3
  - libexpat=2.7.3
  - libffi=3.4.4
  - libzlib=1.3.1
  - openssl=3.0.18
  - pip=25.3
  - python=3.10.19
  - setuptools=80.9.0
  - sqlite=3.51.1
  - tk=8.6.15
  - tzdata=2025c
  - ucrt=10.0.22621.0
  - vc=14.3
  - vc14_runtime=14.44.35208
  - vs2015_runtime=14.44.35208
  - wheel=0.45.1
  - xz=5.6.4
  - zlib=1.3.1
prefix: C:\Users\gregr\anaconda3\envs\energy-ml
